Averaging on 15; Particle count = 4096; Domain size = 45.25 Top moves 1

0.659809   0.349684   0.146516   0.23589   0.283264   0.293031   0.373127   0.399499   0.397546   0.291566    Noise = 10
3.69122   4.5332   3.8099   3.60184   4.32514   4.05946   4.04481   3.52321   3.63896   3.41137    Noise = 9
2.34572   2.45218   2.41653   2.32178   2.65926   2.60358   2.3716   2.34327   2.27343   2.14987    Noise = 8
1.58969   1.77919   1.54476   1.55014   1.68884   1.62828   1.64195   1.56186   1.54916   1.49593    Noise = 7
1.01096   1.13257   1.14087   1.06224   1.19947   1.15112   1.09008   1.10424   1.04759   1.05052    Noise = 6
0.533317   0.739904   0.764812   0.741369   0.75016   0.720857   0.733555   0.676414   0.65639   0.658832    Noise = 5
0.363847   0.49913   0.574341   0.538689   0.573853   0.490828   0.492781   0.395104   0.418546   0.429291    Noise = 4
0.279357   0.381918   0.431244   0.448826   0.488386   0.389732   0.394616   0.40829   0.362382   0.352126    Noise = 3
0.215866   0.336009   0.331125   0.369219   0.385336   0.355056   0.382406   0.340405   0.333079   0.306706    Noise = 2
0.195354   0.306706   0.262751   0.318427   0.298404   0.310613   0.297915   0.280822   0.264705   0.282287    Noise = 1
0.144562   0.256891   0.25396   0.271542   0.256402   0.232472   0.225634   0.212448   0.203168   0.212936    Noise = 0
0.130887   0.209517   0.251519   0.181191   0.20561   0.161656   0.174354   0.159214   0.148469   0.161656    Noise = 0
0.120631   0.177284   0.24517   0.154818   0.168981   0.114771   0.0923049   0.134794   0.126492   0.132353    Noise = 0
0.0952352   0.13626   0.188517   0.126003   0.145051   0.0991423   0.0664204   0.0835139   0.0893746   0.0913281    Noise = 0
0.068374   0.105491   0.152376   0.0932816   0.128445   0.081072   0.053234   0.0820488   0.0771649   0.0727694    Noise = 1.96543e-035
