Averaging on 15; Particle count = 4096; Domain size = 45.25 Top moves 1

0.965626   0.969539   0.861978   0.917482   0.925564   0.810866   0.819062   0.966741   0.990092   0.983391    Noise = 10
0.843783   0.807601   0.825608   0.838236   0.877904   0.841877   0.748842   0.804234   0.801478   0.826481    Noise = 9
0.912165   0.87122   0.862672   0.858245   0.881979   0.890421   0.865442   0.853187   0.870511   0.833408    Noise = 8
0.944455   0.895301   0.902342   0.894886   0.911022   0.897396   0.910103   0.879684   0.901412   0.876868    Noise = 7
0.944467   0.914289   0.923112   0.924516   0.92938   0.911489   0.929208   0.922093   0.945401   0.935767    Noise = 6
0.906629   0.947561   0.951079   0.930813   0.947615   0.897834   0.890967   0.955712   0.897927   0.950858    Noise = 5
0.916386   0.854481   0.965481   0.88877   0.958637   0.898896   0.894336   0.755755   0.842   0.832632    Noise = 4
0.660726   0.913566   0.895742   0.880835   0.828193   0.90126   0.795265   0.68838   0.719436   0.703882    Noise = 3
0.647934   0.755249   0.909415   0.88969   0.89826   0.77355   0.779703   0.700603   0.71211   0.709452    Noise = 2
0.731219   0.838942   0.837482   0.90076   0.914872   0.842888   0.643974   0.693281   0.64864   0.610115    Noise = 1
0.590064   0.843278   0.910086   0.909135   0.902832   0.712224   0.718818   0.716089   0.647962   0.713342    Noise = 0
0.529484   0.7839   0.845513   0.855668   0.787413   0.656767   0.648173   0.645874   0.653934   0.720749    Noise = 0
0.519915   0.782095   0.838239   0.784628   0.778383   0.661665   0.663649   0.593114   0.725784   0.714771    Noise = 0
0.532339   0.72155   0.855233   0.721111   0.777641   0.664992   0.592315   0.594051   0.593307   0.596456    Noise = 1.26954e-036
0.525368   0.721097   0.84812   0.719915   0.792992   0.595047   0.466584   0.595309   0.59378   0.665178    Noise = 1.96801e-035
