-0.469134  0.883127  0
-0.491674  -0.870779  0
-0.0808263  -0.996728  0
-0.953806  0.300422  0
0.343728  0.939069  0
0.699969  0.714173  0
-0.0211879  0.999775  0
-0.465915  0.884829  0
-0.106979  0.994261  0
-0.265985  0.963977  0
0.972714  -0.232007  0
-0.194791  -0.980845  0
0.393772  0.919208  0
0.301314  0.953525  0
-0.746925  0.664908  0
0.412262  0.911065  0
-0.977983  -0.208683  0
0.992959  -0.118458  0
-0.459349  0.888256  0
0.874838  -0.484415  0
0.819172  -0.573548  0
0.975287  0.220941  0
-0.209385  -0.977833  0
0.685755  0.727832  0
-0.0624238  0.99805  0
-0.0268662  0.999639  0
0.798856  0.601522  0
0.999208  0.0397839  0
0.189484  -0.981884  0
0.908507  -0.417869  0
0.333734  -0.942667  0
-0.15541  -0.98785  0
-0.632948  -0.774194  0
-0.451947  0.892045  0
-0.279808  -0.960056  0
-0.414438  0.910077  0
-0.540785  -0.841161  0
0.528583  0.848881  0
0.835207  0.549936  0
0.0740631  0.997253  0
-0.648353  -0.76134  0
-0.242525  -0.970145  0
0.861322  0.50806  0
0.998466  -0.0553714  0
-0.751752  -0.659446  0
-0.982169  -0.188  0
-0.510522  -0.859865  0
0.990116  -0.140248  0
-0.459572  0.88814  0
-0.500552  0.865706  0
0.914872  -0.403743  0
0.69624  -0.717809  0
0.413565  0.910475  0
0.753952  -0.656929  0
-0.418704  0.908123  0
-0.8766  -0.48122  0
0.597977  -0.801513  0
0.303534  0.952821  0
0.984222  -0.17694  0
0.671679  -0.740842  0
0.694891  -0.719115  0
0.67214  0.740424  0
-0.94063  -0.339433  0
-0.776104  -0.630605  0
0.641303  0.767287  0
-0.947069  0.321029  0
0.405368  0.914154  0
0.0587774  0.998271  0
0.850079  -0.526656  0
-0.833726  0.552178  0
0.576081  -0.817393  0
-0.90994  -0.41474  0
-0.91974  -0.392528  0
0.388928  -0.921268  0
0.960981  -0.276615  0
0.919103  -0.394018  0
-0.501871  -0.864942  0
0.359941  0.932975  0
0.402301  0.915507  0
-0.507699  0.861535  0
-0.613055  -0.79004  0
-0.737778  -0.675043  0
-0.711969  0.702211  0
-0.784134  -0.620592  0
0.952095  -0.305804  0
0.217464  0.976068  0
0.446353  0.894857  0
0.16009  -0.987102  0
-0.650143  -0.759812  0
-0.576369  -0.817189  0
0.250966  0.967996  0
-0.664828  -0.746996  0
0.0101749  0.999948  0
0.169922  0.985458  0
0.615752  -0.78794  0
-0.667158  -0.744916  0
0.528307  0.849053  0
-0.481572  -0.876406  0
0.311948  -0.950099  0
0.930792  -0.365548  0
-0.998314  -0.0580484  0
0.454573  0.89071  0
-0.660393  -0.75092  0
-0.314083  0.949396  0
-0.873336  -0.487118  0
-0.999982  0.00591254  0
0.689705  -0.724091  0
0.632801  0.774315  0
-0.9714  -0.23745  0
-0.145968  0.989289  0
0.677416  -0.7356  0
0.654881  -0.755732  0
-0.752859  0.658182  0
-0.975929  -0.218088  0
0.161587  0.986859  0
0.667071  0.744994  0
-0.976408  -0.215933  0
0.478016  0.878351  0
-0.977992  0.208641  0
-0.759006  0.651083  0
0.882268  0.470747  0
0.049364  0.998781  0
-0.609211  -0.793008  0
-0.0882202  -0.996101  0
-0.797633  0.603143  0
0.516128  -0.856511  0
0.998918  0.0465043  0
0.620569  -0.784152  0
0.409044  -0.912515  0
0.885525  -0.464591  0
0.0577254  -0.998333  0
0.94193  -0.335808  0
0.960296  -0.278983  0
-1  -0.000512274  0
-0.537885  0.843018  0
-0.418811  -0.908074  0
0.219233  -0.975672  0
-0.82979  0.558076  0
-0.152567  -0.988293  0
0.92622  -0.376984  0
-0.54859  -0.836091  0
0.609105  0.793089  0
0.537075  -0.843534  0
-0.884302  -0.466915  0
-0.850965  0.525222  0
-0.288704  -0.957418  0
0.758139  -0.652093  0
-0.69076  -0.723084  0
0.720584  0.693367  0
-0.789147  0.614204  0
-0.966634  0.256161  0
-0.225047  -0.974348  0
0.735942  -0.677045  0
0.894551  -0.446967  0
-0.431397  -0.902162  0
-0.98616  0.165798  0
0.767079  -0.641553  0
-0.179509  -0.983756  0
0.432619  -0.901577  0
-0.824178  0.566331  0
0.938211  0.346064  0
-0.972951  0.231012  0
-0.167926  -0.9858  0
0.677847  0.735203  0
-0.423046  -0.906108  0
0.861423  -0.507889  0
-0.148828  -0.988863  0
-0.48286  -0.875698  0
-0.948886  0.315619  0
-0.125488  -0.992095  0
-0.5313  -0.847184  0
-0.618575  0.785726  0
0.834291  0.551324  0
-0.258892  0.965906  0
-0.960345  0.278815  0
0.889003  -0.4579  0
0.994096  -0.108507  0
-0.502028  -0.864851  0
-0.5335  -0.8458  0
-0.510416  -0.859928  0
-0.128716  -0.991681  0
0.925402  -0.378987  0
-0.9637  -0.266989  0
0.862775  -0.505587  0
-0.477547  -0.878606  0
-0.59469  0.803955  0
0.210941  -0.977499  0
0.283667  0.958923  0
-0.706732  -0.707481  0
0.924972  -0.380034  0
-0.981758  -0.190133  0
-0.629951  0.776635  0
0.131038  -0.991377  0
0.996606  -0.0823153  0
-0.636991  -0.770871  0
-0.855921  0.517106  0
-0.792341  -0.610078  0
0.436511  -0.899699  0
-0.391232  -0.920292  0
-0.317834  -0.948146  0
0.630246  -0.776396  0
0.692197  -0.721709  0
0.652386  -0.757887  0
0.924997  0.379976  0
-0.757136  -0.653258  0
-0.528011  -0.849237  0
0.818003  -0.575214  0
-0.701291  -0.712875  0
-0.762491  -0.646999  0
0.667188  -0.74489  0
-0.580239  -0.814447  0
-0.350237  -0.936661  0
0.9852  0.17141  0
-0.604201  -0.796832  0
-0.47982  0.877367  0
0.984723  0.174127  0
-0.433726  0.901045  0
0.239556  -0.970883  0
-0.855669  -0.517524  0
0.589702  -0.807621  0
-0.854927  0.518749  0
-0.336999  0.941505  0
-0.647529  -0.762041  0
-0.694417  -0.719573  0
-0.350684  0.936494  0
-0.251232  0.967927  0
-0.225169  -0.97432  0
-0.0112134  -0.999937  0
0.639741  -0.768591  0
-0.848736  0.528817  0
-0.609467  -0.792811  0
-0.95138  0.30802  0
0.814697  0.579886  0
-0.732298  -0.680984  0
0.840396  -0.541973  0
0.683737  -0.729729  0
0.510282  -0.860007  0
-0.453853  0.891077  0
-0.762482  -0.647009  0
0.448969  -0.893547  0
-0.073146  -0.997321  0
0.361864  0.932231  0
-0.967533  -0.252744  0
0.962937  -0.269726  0
0.963942  0.266113  0
0.776779  -0.629773  0
0.961229  0.275752  0
0.73616  -0.676808  0
0.626861  -0.779131  0
0.520669  0.853759  0
0.995519  0.0945673  0
0.853528  0.521048  0
0.808515  -0.588476  0
-0.937292  -0.348545  0
-0.989757  0.142764  0
0.988882  0.148705  0
